{\rtf1\ansi\ansicpg1252\cocoartf1504\cocoasubrtf830
{\fonttbl\f0\fswiss\fcharset0 Helvetica;}
{\colortbl;\red255\green255\blue255;}
{\*\expandedcolortbl;;}
\margl1440\margr1440\vieww10800\viewh8400\viewkind0
\pard\tx720\tx1440\tx2160\tx2880\tx3600\tx4320\tx5040\tx5760\tx6480\tx7200\tx7920\tx8640\pardirnatural\partightenfactor0

\f0\fs24 \cf0 \
	Primary and Secondary School License -- for use in teaching and\
	meeting course requirements at primary and secondary schools only.\
\
>> White_P_Transition\
\
White_P_Transition =\
\
    0.2727    0.2050    0.1650    0.1342    0.1131\
    0.2618    0.2267    0.1935    0.1598    0.1241\
    0.2075    0.2278    0.2283    0.2100    0.1575\
    0.1541    0.1993    0.2335    0.2582    0.2371\
    0.1040    0.1412    0.1797    0.2378    0.3682\
\
>> my_markov_chain = [0.2807	0.2163	0.175	0.1416	0.1172;\
                      0.2599	0.2287	0.1966	0.1623	0.1258\
                      0.1986	0.2203	0.2225	0.2062	0.1559\
                      0.1501	0.1909	0.2243	0.2499	0.2322\
                      0.1107	0.1438	0.1817	0.24	0.3689]\
\
my_markov_chain =\
\
    0.2807    0.2163    0.1750    0.1416    0.1172\
    0.2599    0.2287    0.1966    0.1623    0.1258\
    0.1986    0.2203    0.2225    0.2062    0.1559\
    0.1501    0.1909    0.2243    0.2499    0.2322\
    0.1107    0.1438    0.1817    0.2400    0.3689\
\
>> my_white_P_markov_chain = my_markov_chain\
\
my_white_P_markov_chain =\
\
    0.2807    0.2163    0.1750    0.1416    0.1172\
    0.2599    0.2287    0.1966    0.1623    0.1258\
    0.1986    0.2203    0.2225    0.2062    0.1559\
    0.1501    0.1909    0.2243    0.2499    0.2322\
    0.1107    0.1438    0.1817    0.2400    0.3689\
\
>> my_black_P_markov_chain = [0.2874   0.2303	0.1968	0.1665	0.1376;\
                              0.3294	0.2881	0.2485	0.2141	0.1676\
\
dfa\
sdf\
\
\
>> White_P_Transition\
\
White_P_Transition =\
\
    0.2727    0.2050    0.1650    0.1342    0.1131\
    0.2618    0.2267    0.1935    0.1598    0.1241\
    0.2075    0.2278    0.2283    0.2100    0.1575\
    0.1541    0.1993    0.2335    0.2582    0.2371\
    0.1040    0.1412    0.1797    0.2378    0.3682\
\
>> my_black_P_markov_chain = [0.2874   0.2303	0.1968	0.1665	0.1376;\
                           0.3294	0.2881	0.2485	0.2141	0.1676\
                           0.2086	0.2369	0.2383	0.236	0.2034;\
                           0.112	0.1516	0.1845	0.21	0.2292;\
                           0.0626	0.093	0.132	0.1734	0.2623]\
\
my_black_P_markov_chain =\
\
    0.2874    0.2303    0.1968    0.1665    0.1376\
    0.3294    0.2881    0.2485    0.2141    0.1676\
    0.2086    0.2369    0.2383    0.2360    0.2034\
    0.1120    0.1516    0.1845    0.2100    0.2292\
    0.0626    0.0930    0.1320    0.1734    0.2623\
\
>> }